1 -0.000189961 -0.000101129 0.000189966 1 4.88908e-05 0.00010112 -4.891e-05 1 0.0803724 0.00314027 -0.00249429
1 -0.000476703 -0.000260657 0.00047666 1 -0.000166051 0.000260736 0.000165927 1 0.166563 0.00699338 -0.0055999
1 -0.000806697 -0.000548388 0.000806445 1 -0.000460001 0.000548759 0.000459558 1 0.258466 0.00823616 -0.00574217
0.999999 -0.000932446 -0.000832158 0.000932131 0.999999 -0.000379038 0.000832511 0.000378262 1 0.356484 0.010024 -0.0081617
0.999999 -0.000927146 -0.00141981 0.000926096 0.999999 -0.000740001 0.0014205 0.000738685 0.999999 0.460906 0.010825 -0.00941708
0.999998 -0.00144526 -0.00159849 0.00144434 0.999999 -0.000582038 0.00159933 0.000579728 0.999999 0.574119 0.00609694 -0.00735201
0.999996 -0.00197039 -0.00219069 0.00197008 0.999998 -0.000144656 0.00219097 0.00014034 0.999998 0.684764 0.00546818 -0.0112343
0.999995 -0.00197942 -0.00247697 0.00197798 0.999998 -0.000584633 0.00247813 0.00057973 0.999997 0.80097 0.00687296 -0.0146519
0.999994 -0.00237644 -0.00233956 0.00237391 0.999997 -0.00108769 0.00234213 0.00108213 0.999997 0.923981 0.011774 -0.0157091
0.999993 -0.00270903 -0.00274779 0.0027038 0.999995 -0.00190459 0.00275294 0.00189714 0.999994 1.04738 0.0201895 -0.0226963
